rep	theta	fst1	fst2	b2_e1	b2_e2
1	0.010000000000000005	0.6	0.25	0.12889656050953371	0.00011659666816193732
1	0.010000000000000005	0.6	0.5	0.2243956947620897	0.0014940513505303466
1	0.010000000000000005	0.6	0.125	0.23482499778580274	8.726580233600614e-05
1	0.01870122253538597	0.6	0.25	0.6701208385385959	0.004585326435051374
1	0.01870122253538597	0.6	0.5	0.660195925904825	0.0009780629335068736
1	0.01870122253538597	0.6	0.125	0.6712583432832309	0.0009752297566393783
1	0.03497357243180281	0.6	0.25	0.8545848799843323	5.657947770873441e-06
1	0.03497357243180281	0.6	0.5	0.8549984951309828	0.012105964130487864
1	0.03497357243180281	0.6	0.125	0.854207445551322	0.0009880474989062743
1	0.06540485609045843	0.6	0.25	0.9241255082853209	0.004083524336150632
1	0.06540485609045843	0.6	0.5	0.9195013385597107	0.5517460778413666
1	0.06540485609045843	0.6	0.125	0.9280745902335735	3.6941254325225844e-06
1	0.12231507686425569	0.6	0.25	0.9592439762136101	0.5360072875996833
1	0.12231507686425569	0.6	0.5	0.9634610762077672	0.8443006767106478
1	0.12231507686425569	0.6	0.125	0.9591750962605823	0.020432904602806255
1	0.22874414718712846	0.6	0.25	0.9799674474110872	0.8125051782152531
1	0.22874414718712846	0.6	0.5	0.983591226694549	0.9206401736083896
1	0.22874414718712846	0.6	0.125	0.9792870875150003	0.40091700262273683
1	0.4277795200213573	0.6	0.25	0.9874348883985283	0.9311179279454274
1	0.4277795200213573	0.6	0.5	0.9846197140622919	0.9641702622019127
1	0.4277795200213573	0.6	0.125	0.9890451523501509	0.8148593876015192
1	0.8	0.6	0.25	0.9868069701296164	0.9771575536032635
1	0.8	0.6	0.5	0.24730291348679634	0.2468895112313845
1	0.8	0.6	0.125	0.9881441883806263	0.9480789648790842
2	0.010000000000000005	0.6	0.25	0.3806861705505614	0.0005823088536197534
2	0.010000000000000005	0.6	0.5	0.09048070281667706	0.0008526940419263407
2	0.010000000000000005	0.6	0.125	0.14676047443573395	0.0005767843442608292
2	0.01870122253538597	0.6	0.25	0.6925418962107495	0.00012432716407016618
2	0.01870122253538597	0.6	0.5	0.6334285045566296	5.145975890844975e-06
2	0.01870122253538597	0.6	0.125	0.6553608935584591	0.00014304996917182818
2	0.03497357243180281	0.6	0.25	0.8397768833622874	7.690699836785632e-06
2	0.03497357243180281	0.6	0.5	0.8583392568886402	0.00041846463609389946
2	0.03497357243180281	0.6	0.125	0.8457195360808443	0.000455299005239601
2	0.06540485609045843	0.6	0.25	0.9262763195044541	0.013855907731623847
2	0.06540485609045843	0.6	0.5	0.925431798873612	0.4870924731473351
2	0.06540485609045843	0.6	0.125	0.9273700687445473	0.0017219939213966484
2	0.12231507686425569	0.6	0.25	0.9635286750349423	0.43539775588157026
2	0.12231507686425569	0.6	0.5	0.9596517095348204	0.8148683927841471
2	0.12231507686425569	0.6	0.125	0.9595075688570129	0.00043306085304490563
2	0.22874414718712846	0.6	0.25	0.9815858666345827	0.8282850529208031
2	0.22874414718712846	0.6	0.5	0.973599248979735	0.9242998795809306
2	0.22874414718712846	0.6	0.125	0.9804351937959207	0.5665640713364565
2	0.4277795200213573	0.6	0.25	0.988475270853766	0.9310518153580984
2	0.4277795200213573	0.6	0.5	0.9863401187367774	0.9652855226729021
2	0.4277795200213573	0.6	0.125	0.9880313367272116	0.8296133646346814
2	0.8	0.6	0.25	0.9868945665084772	0.9749065239775769
2	0.8	0.6	0.5	0.059182807463108764	0.058854200789517225
2	0.8	0.6	0.125	0.9891809450130763	0.9550173985014407
3	0.010000000000000005	0.6	0.25	0.00027791393137608034	4.371617399924125e-05
3	0.010000000000000005	0.6	0.5	0.00168734444462952	4.7950387233513484e-05
3	0.010000000000000005	0.6	0.125	0.035412248565850395	3.2203985981436514e-05
3	0.01870122253538597	0.6	0.25	0.671205705742225	9.489468683306522e-05
3	0.01870122253538597	0.6	0.5	0.6312339070048282	8.211225920634584e-05
3	0.01870122253538597	0.6	0.125	0.73888545232696	0.0002867929363398395
3	0.03497357243180281	0.6	0.25	0.8685232243803606	3.2637581395426464e-05
3	0.03497357243180281	0.6	0.5	0.8367941814575496	0.004110471671411441
3	0.03497357243180281	0.6	0.125	0.8643499539018193	0.00012693883444135658
3	0.06540485609045843	0.6	0.25	0.928259570650545	0.009420687610953066
3	0.06540485609045843	0.6	0.5	0.9196525743544619	0.5154558299011787
3	0.06540485609045843	0.6	0.125	0.9318884163336496	0.000287691048583264
3	0.12231507686425569	0.6	0.25	0.9657690415782779	0.47212590432864926
3	0.12231507686425569	0.6	0.5	0.9604467742374467	0.8387135072708218
3	0.12231507686425569	0.6	0.125	0.9675708287252119	0.007472270690116724
3	0.22874414718712846	0.6	0.25	0.9792301165895039	0.7948781702345824
3	0.22874414718712846	0.6	0.5	0.974897798823642	0.9278006529413468
3	0.22874414718712846	0.6	0.125	0.9821537557296801	0.43775210747267046
3	0.4277795200213573	0.6	0.25	0.9870927610594791	0.934228152031617
3	0.4277795200213573	0.6	0.5	0.9856221373149459	0.963303614715037
3	0.4277795200213573	0.6	0.125	0.9891103075004924	0.815433974569686
3	0.8	0.6	0.25	0.9654651306551585	0.9590617787073551
3	0.8	0.6	0.5	0.002696399433905789	0.0025797971211125336
3	0.8	0.6	0.125	0.9881246022355369	0.9608258046188773
4	0.010000000000000005	0.6	0.25	0.10081599715885414	0.0018555071587572098
4	0.010000000000000005	0.6	0.5	0.020419346711909984	6.428776229526241e-06
4	0.010000000000000005	0.6	0.125	0.07040851294840601	0.00018537249624628674
4	0.01870122253538597	0.6	0.25	0.6831602240177269	1.1275622618362904e-05
4	0.01870122253538597	0.6	0.5	0.6543560793131559	0.0010270116152445187
4	0.01870122253538597	0.6	0.125	0.6732913421975022	4.232837013305017e-06
4	0.03497357243180281	0.6	0.25	0.8557238599903286	0.0001274469593068182
4	0.03497357243180281	0.6	0.5	0.8574865348990612	0.04780355660626104
4	0.03497357243180281	0.6	0.125	0.8482406928828696	4.328208134090602e-06
4	0.06540485609045843	0.6	0.25	0.9255508065229734	0.01092321681661491
4	0.06540485609045843	0.6	0.5	0.9275435182557835	0.5729295690369669
4	0.06540485609045843	0.6	0.125	0.9236003234100297	0.004386536397897449
4	0.12231507686425569	0.6	0.25	0.960940356001961	0.596557434764471
4	0.12231507686425569	0.6	0.5	0.9577145748208689	0.8442824856121788
4	0.12231507686425569	0.6	0.125	0.9608540659040119	0.0017272714765792052
4	0.22874414718712846	0.6	0.25	0.9829452704768806	0.8558418845305884
4	0.22874414718712846	0.6	0.5	0.9775149038503285	0.9285394002324772
4	0.22874414718712846	0.6	0.125	0.9824562824212263	0.5121873291317751
4	0.4277795200213573	0.6	0.25	0.9874431125789851	0.9412672181103299
4	0.4277795200213573	0.6	0.5	0.986536084074024	0.9654936930777412
4	0.4277795200213573	0.6	0.125	0.9886560913849366	0.8170860143652703
4	0.8	0.6	0.25	0.9739072782868985	0.9669648133712989
4	0.8	0.6	0.5	0.033144530363097474	0.03310670416751381
4	0.8	0.6	0.125	0.9899193500549629	0.9499869289476317
5	0.010000000000000005	0.6	0.25	0.13505035249209515	0.0003148472827650229
5	0.010000000000000005	0.6	0.5	0.01777254060633545	0.0003674686173541653
5	0.010000000000000005	0.6	0.125	0.1761433475653309	1.378544897074689e-05
5	0.01870122253538597	0.6	0.25	0.6755879725657079	0.0006268278765713738
5	0.01870122253538597	0.6	0.5	0.7006736964260032	6.942225213881268e-05
5	0.01870122253538597	0.6	0.125	0.6489217708356805	9.206266987679925e-05
5	0.03497357243180281	0.6	0.25	0.8747558109468685	0.0014547391521057287
5	0.03497357243180281	0.6	0.5	0.8504907194478764	0.0065052894905054184
5	0.03497357243180281	0.6	0.125	0.8156306218167078	0.00032461754798386756
5	0.06540485609045843	0.6	0.25	0.927582233589839	0.005334880802305662
5	0.06540485609045843	0.6	0.5	0.9155299465851334	0.454456893726385
5	0.06540485609045843	0.6	0.125	0.9376573416347073	0.005555606510080695
5	0.12231507686425569	0.6	0.25	0.9661747159766158	0.49455482244670884
5	0.12231507686425569	0.6	0.5	0.9597554205964032	0.7964294936755545
5	0.12231507686425569	0.6	0.125	0.9611706840888202	0.004507612145986586
5	0.22874414718712846	0.6	0.25	0.9789332176079543	0.7958276138318382
5	0.22874414718712846	0.6	0.5	0.9782872614778243	0.9215443815131682
5	0.22874414718712846	0.6	0.125	0.9787228716297938	0.3275530934139378
5	0.4277795200213573	0.6	0.25	0.986390656342513	0.9373512104331619
5	0.4277795200213573	0.6	0.5	0.9871381212044145	0.966617915841874
5	0.4277795200213573	0.6	0.125	0.9883475338321407	0.8632579350523696
5	0.8	0.6	0.25	0.985790252016222	0.9763527497501284
5	0.8	0.6	0.5	0.0017333307376220725	0.0016126570191397098
5	0.8	0.6	0.125	0.9880268046521794	0.9573665744928765
6	0.010000000000000005	0.6	0.25	0.15439474441348286	6.39496616036934e-05
6	0.010000000000000005	0.6	0.5	0.13447521061631812	1.0475473563734312e-05
6	0.010000000000000005	0.6	0.125	0.20003815363151664	0.00034226035881091614
6	0.01870122253538597	0.6	0.25	0.6670084808421408	0.00021057697015047
6	0.01870122253538597	0.6	0.5	0.6418211759110984	0.004818811508083573
6	0.01870122253538597	0.6	0.125	0.6565991412615589	0.0005400303111548245
6	0.03497357243180281	0.6	0.25	0.8470089980256662	0.0025081576567653283
6	0.03497357243180281	0.6	0.5	0.8549023942029482	0.041344721529074695
6	0.03497357243180281	0.6	0.125	0.860002895945807	8.662741287719616e-05
6	0.06540485609045843	0.6	0.25	0.9338668761747081	0.0008263118840036173
6	0.06540485609045843	0.6	0.5	0.9275003877352129	0.5834515546678711
6	0.06540485609045843	0.6	0.125	0.9164596485053742	6.51350434205041e-05
6	0.12231507686425569	0.6	0.25	0.9616712755873705	0.6007188478991746
6	0.12231507686425569	0.6	0.5	0.9619146485798221	0.8471945608501321
6	0.12231507686425569	0.6	0.125	0.9632343694101677	0.005717789786613594
6	0.22874414718712846	0.6	0.25	0.9823801508682992	0.8450192990932598
6	0.22874414718712846	0.6	0.5	0.9736557935156299	0.9326158813951427
6	0.22874414718712846	0.6	0.125	0.9786457657872346	0.4277653046792888
6	0.4277795200213573	0.6	0.25	0.9864327004293899	0.931140527294849
6	0.4277795200213573	0.6	0.5	0.9830694334194916	0.9643746709138233
6	0.4277795200213573	0.6	0.125	0.9896421928982329	0.8692763920706125
6	0.8	0.6	0.25	0.9873101421798144	0.9804913191380988
6	0.8	0.6	0.5	0.040009333885885505	0.039638268551692966
6	0.8	0.6	0.125	0.9893732961281099	0.9578734057081407
7	0.010000000000000005	0.6	0.25	0.28837433469185314	6.587129872086814e-05
7	0.010000000000000005	0.6	0.5	0.12456245313616886	0.0018707860344874048
7	0.010000000000000005	0.6	0.125	0.0015962402587848862	3.5221384166743285e-05
7	0.01870122253538597	0.6	0.25	0.6470183162464546	2.036808590969675e-05
7	0.01870122253538597	0.6	0.5	0.6413148730634314	0.00011546910138827595
7	0.01870122253538597	0.6	0.125	0.6764035229352493	3.5305401917221545e-05
7	0.03497357243180281	0.6	0.25	0.8475661944966022	4.866802760351114e-05
7	0.03497357243180281	0.6	0.5	0.8490301641552322	0.05839194797906574
7	0.03497357243180281	0.6	0.125	0.8724858523866782	8.280682038885127e-05
7	0.06540485609045843	0.6	0.25	0.9301020397097836	0.0038692584805895295
7	0.06540485609045843	0.6	0.5	0.930408373002937	0.5070045113466061
7	0.06540485609045843	0.6	0.125	0.9265185600189687	0.0006239663783034482
7	0.12231507686425569	0.6	0.25	0.9641610833685968	0.5229323014617228
7	0.12231507686425569	0.6	0.5	0.962439346272126	0.8297272863964686
7	0.12231507686425569	0.6	0.125	0.9634298473399976	0.014597012622455146
7	0.22874414718712846	0.6	0.25	0.9797225265547287	0.8369702718598598
7	0.22874414718712846	0.6	0.5	0.9756573510257618	0.9330788009108196
7	0.22874414718712846	0.6	0.125	0.9814938117133312	0.5930706677680067
7	0.4277795200213573	0.6	0.25	0.9865469492392334	0.934994742470642
7	0.4277795200213573	0.6	0.5	0.9854870849959991	0.9682599081208796
7	0.4277795200213573	0.6	0.125	0.9887221498506659	0.8599699800661955
7	0.8	0.6	0.25	0.9853961645611794	0.9771504023233321
7	0.8	0.6	0.5	0.003881177817165844	0.0037747520386529113
7	0.8	0.6	0.125	0.9869162513582317	0.9462683476769623
8	0.010000000000000005	0.6	0.25	0.13983783775865744	0.0007329954991820387
8	0.010000000000000005	0.6	0.5	0.21043779537208426	0.001146125604322099
8	0.010000000000000005	0.6	0.125	0.11569866283697214	9.422035032643692e-05
8	0.01870122253538597	0.6	0.25	0.6911843622108125	0.0001911827720194433
8	0.01870122253538597	0.6	0.5	0.6742138955670909	0.00276577974161717
8	0.01870122253538597	0.6	0.125	0.681139525649182	2.2055799072573538e-06
8	0.03497357243180281	0.6	0.25	0.8592846289372996	4.6923704241943323e-05
8	0.03497357243180281	0.6	0.5	0.8420276822446244	0.004180957509286098
8	0.03497357243180281	0.6	0.125	0.8396172153481741	0.002153804734567042
8	0.06540485609045843	0.6	0.25	0.926051692235381	0.0011825460554645726
8	0.06540485609045843	0.6	0.5	0.9331454058604661	0.5657698916214855
8	0.06540485609045843	0.6	0.125	0.9197810168694741	0.0005200059851605918
8	0.12231507686425569	0.6	0.25	0.9651708861920334	0.5834273601755164
8	0.12231507686425569	0.6	0.5	0.9630973013414621	0.8186182279556427
8	0.12231507686425569	0.6	0.125	0.9642193550315592	0.00014770184111723383
8	0.22874414718712846	0.6	0.25	0.979447424875453	0.8349052044725189
8	0.22874414718712846	0.6	0.5	0.9785366792527508	0.9341078572822044
8	0.22874414718712846	0.6	0.125	0.9803704438856504	0.5768995103671877
8	0.4277795200213573	0.6	0.25	0.9872916942443902	0.9338641461554804
8	0.4277795200213573	0.6	0.5	0.9858553554343238	0.9646760766882032
8	0.4277795200213573	0.6	0.125	0.9888888482995639	0.8558010369488579
8	0.8	0.6	0.25	0.9850712242888158	0.9760025453602287
8	0.8	0.6	0.5	0.035602443262492046	0.03541531833734356
8	0.8	0.6	0.125	0.9895270802650068	0.9560435497038634
9	0.010000000000000005	0.6	0.25	0.2853774145916973	0.0004666362222099683
9	0.010000000000000005	0.6	0.5	0.15324029716055726	2.5469553632583767e-05
9	0.010000000000000005	0.6	0.125	0.2758421206701698	0.0013090330407893535
9	0.01870122253538597	0.6	0.25	0.7012607163746052	0.0006452622889598033
9	0.01870122253538597	0.6	0.5	0.7026730432317022	0.005904062200384942
9	0.01870122253538597	0.6	0.125	0.6506826618198276	0.0004805875650836989
9	0.03497357243180281	0.6	0.25	0.86729372048753	1.790327447760896e-05
9	0.03497357243180281	0.6	0.5	0.8638167413880778	0.0006203059163618018
9	0.03497357243180281	0.6	0.125	0.8550239701011575	0.0014717348337376511
9	0.06540485609045843	0.6	0.25	0.9290510690757022	0.005953226134323371
9	0.06540485609045843	0.6	0.5	0.9149583776541212	0.5204007519877184
9	0.06540485609045843	0.6	0.125	0.9271711004126085	0.000859860842732256
9	0.12231507686425569	0.6	0.25	0.9665830419390125	0.46786516748000506
9	0.12231507686425569	0.6	0.5	0.9632636752990096	0.8499541110531698
9	0.12231507686425569	0.6	0.125	0.9630978884447257	0.004047586298442205
9	0.22874414718712846	0.6	0.25	0.97654910291566	0.8372541107745488
9	0.22874414718712846	0.6	0.5	0.97525891049826	0.929435081120725
9	0.22874414718712846	0.6	0.125	0.9815074828636924	0.5795347266952223
9	0.4277795200213573	0.6	0.25	0.9883977988984354	0.9348051373808297
9	0.4277795200213573	0.6	0.5	0.9825761918002848	0.9660445169394254
9	0.4277795200213573	0.6	0.125	0.9859831677648141	0.8687603665383847
9	0.8	0.6	0.25	0.9788211716425363	0.9726043859627738
9	0.8	0.6	0.5	0.001867621850666517	0.0019119407664172786
9	0.8	0.6	0.125	0.9886535471934034	0.9578287091307327
10	0.010000000000000005	0.6	0.25	0.1210574784964476	1.2075758212900327e-06
10	0.010000000000000005	0.6	0.5	0.3130068850500809	0.0008585148552971121
10	0.010000000000000005	0.6	0.125	0.25667445684009393	0.00012675314268207396
10	0.01870122253538597	0.6	0.25	0.6385101653626286	0.000712333592048056
10	0.01870122253538597	0.6	0.5	0.5836624478478557	0.00018959158880455776
10	0.01870122253538597	0.6	0.125	0.6576057737178688	0.0007325959566278648
10	0.03497357243180281	0.6	0.25	0.8561557186895385	0.0005905452525410954
10	0.03497357243180281	0.6	0.5	0.8639585708001685	0.006568153396183713
10	0.03497357243180281	0.6	0.125	0.8784893601774788	0.0004042628031598703
10	0.06540485609045843	0.6	0.25	0.9353430433611968	0.0005159163236682552
10	0.06540485609045843	0.6	0.5	0.9193689798995873	0.583708211118618
10	0.06540485609045843	0.6	0.125	0.9259880133745689	0.0016090281630334066
10	0.12231507686425569	0.6	0.25	0.9659423485364337	0.4921231072079246
10	0.12231507686425569	0.6	0.5	0.9576679571772728	0.8193443214431448
10	0.12231507686425569	0.6	0.125	0.9667427886411047	0.004537263701024841
10	0.22874414718712846	0.6	0.25	0.9793286418119307	0.8456976815311806
10	0.22874414718712846	0.6	0.5	0.9783660549668726	0.9333368364084484
10	0.22874414718712846	0.6	0.125	0.9810947321396739	0.45136150226420296
10	0.4277795200213573	0.6	0.25	0.9882372134971232	0.9297352646864071
10	0.4277795200213573	0.6	0.5	0.9862444129726181	0.9679662207330391
10	0.4277795200213573	0.6	0.125	0.9891731691268516	0.8686447939319052
10	0.8	0.6	0.25	0.9806537018594246	0.9719107738580437
10	0.8	0.6	0.5	0.008442230825671667	0.008687161297788144
10	0.8	0.6	0.125	0.9876403301438349	0.9596871115401923
11	0.010000000000000005	0.6	0.25	0.1736446832455956	0.000100192681217046
11	0.010000000000000005	0.6	0.5	0.09949372875933613	0.005887526998329559
11	0.010000000000000005	0.6	0.125	0.39728561241379945	0.0001111895446012791
11	0.01870122253538597	0.6	0.25	0.7083936133528758	0.0005671124620985363
11	0.01870122253538597	0.6	0.5	0.6562371569453237	0.0002634173726503
11	0.01870122253538597	0.6	0.125	0.6838506901037502	4.7134204193948466e-05
11	0.03497357243180281	0.6	0.25	0.8533432015123179	0.006756465762170459
11	0.03497357243180281	0.6	0.5	0.8710411237148372	0.03369719561078266
11	0.03497357243180281	0.6	0.125	0.8537618868512046	4.487365957167161e-06
11	0.06540485609045843	0.6	0.25	0.9186724133439934	0.000235985519312206
11	0.06540485609045843	0.6	0.5	0.9207496307132096	0.5503960584558591
11	0.06540485609045843	0.6	0.125	0.9296120854840926	6.889996080346895e-05
11	0.12231507686425569	0.6	0.25	0.9616875949988329	0.5759406778367395
11	0.12231507686425569	0.6	0.5	0.9656580387498327	0.8555585004474562
11	0.12231507686425569	0.6	0.125	0.9640655417628232	0.026424422733889372
11	0.22874414718712846	0.6	0.25	0.9801030143036397	0.8325649531657965
11	0.22874414718712846	0.6	0.5	0.9777140455566983	0.9376864689334881
11	0.22874414718712846	0.6	0.125	0.9807401879555449	0.6307014738492709
11	0.4277795200213573	0.6	0.25	0.9875653131238767	0.9311888666658
11	0.4277795200213573	0.6	0.5	0.9856943048488621	0.972504256633878
11	0.4277795200213573	0.6	0.125	0.9873688931061182	0.8286319441459868
11	0.8	0.6	0.25	0.987540367374841	0.9774958138129134
11	0.8	0.6	0.5	0.02619739930767497	0.02576596593193577
11	0.8	0.6	0.125	0.9887560822131396	0.9538050238241479
12	0.010000000000000005	0.6	0.25	0.2482205303510246	0.00032359233646460963
12	0.010000000000000005	0.6	0.5	0.06407663357678406	3.843083936640868e-05
12	0.010000000000000005	0.6	0.125	0.13657270376033093	0.00011997283758998805
12	0.01870122253538597	0.6	0.25	0.6686680821608072	0.0015201563485533658
12	0.01870122253538597	0.6	0.5	0.7120419727438824	0.0038995461668858583
12	0.01870122253538597	0.6	0.125	0.6811099442246411	0.00021639893698175377
12	0.03497357243180281	0.6	0.25	0.8531139963213904	0.000338820480520797
12	0.03497357243180281	0.6	0.5	0.8467908618114346	0.027983307343852223
12	0.03497357243180281	0.6	0.125	0.8603062306217147	0.0020125138185464377
12	0.06540485609045843	0.6	0.25	0.9247332450153033	0.003935671436828336
12	0.06540485609045843	0.6	0.5	0.9170571440703446	0.5610675614679784
12	0.06540485609045843	0.6	0.125	0.9297646319154137	0.0005107057969048531
12	0.12231507686425569	0.6	0.25	0.9637234463238893	0.3889670480725569
12	0.12231507686425569	0.6	0.5	0.9557136848373288	0.844814436323009
12	0.12231507686425569	0.6	0.125	0.9654210251152947	0.015620325924460344
12	0.22874414718712846	0.6	0.25	0.9821799389976386	0.8006628582252159
12	0.22874414718712846	0.6	0.5	0.9805916534321291	0.9153920316764714
12	0.22874414718712846	0.6	0.125	0.9787225435785695	0.44520341977009503
12	0.4277795200213573	0.6	0.25	0.9881987776879821	0.943241962172255
12	0.4277795200213573	0.6	0.5	0.9851697423502803	0.9670097036658213
12	0.4277795200213573	0.6	0.125	0.989260553381987	0.8536626167156421
12	0.8	0.6	0.25	0.9779873489627982	0.9646369062713156
12	0.8	0.6	0.5	0.09271037503359228	0.09298185594684771
12	0.8	0.6	0.125	0.9874298869275805	0.9492651782780347
13	0.010000000000000005	0.6	0.25	0.25080456646751276	0.0011359922379344468
13	0.010000000000000005	0.6	0.5	0.25277908790267256	4.6157473100370266e-05
13	0.010000000000000005	0.6	0.125	0.24089839422167855	0.0003373009368922868
13	0.01870122253538597	0.6	0.25	0.6759757072177079	3.3946471028135926e-05
13	0.01870122253538597	0.6	0.5	0.6400313019438455	0.002168483633502973
13	0.01870122253538597	0.6	0.125	0.694300217330878	0.00046162376895021354
13	0.03497357243180281	0.6	0.25	0.8424392258651306	0.00025139279167049985
13	0.03497357243180281	0.6	0.5	0.8260562521431687	0.0191289976043472
13	0.03497357243180281	0.6	0.125	0.8504472832214476	1.67376406947059e-05
13	0.06540485609045843	0.6	0.25	0.931097283540757	0.006571378225450061
13	0.06540485609045843	0.6	0.5	0.9214177021327445	0.4606535490980155
13	0.06540485609045843	0.6	0.125	0.9347815190639345	1.5071645389682045e-05
13	0.12231507686425569	0.6	0.25	0.9634942495360805	0.5540740294696882
13	0.12231507686425569	0.6	0.5	0.9600489837096776	0.8461444650475821
13	0.12231507686425569	0.6	0.125	0.9652621337315926	0.03280497194021627
13	0.22874414718712846	0.6	0.25	0.9808179216163262	0.8336517737107111
13	0.22874414718712846	0.6	0.5	0.9782063196810501	0.9238649393461615
13	0.22874414718712846	0.6	0.125	0.9799408263292924	0.3780983401614468
13	0.4277795200213573	0.6	0.25	0.9889771081018925	0.9214232492838024
13	0.4277795200213573	0.6	0.5	0.9862156734187493	0.9699885952736373
13	0.4277795200213573	0.6	0.125	0.9892202391639746	0.8211649452855803
13	0.8	0.6	0.25	0.9867634458696132	0.975036749658239
13	0.8	0.6	0.5	0.011890648287764947	0.012045784447428811
13	0.8	0.6	0.125	0.9893097336583745	0.9583804685799815
14	0.010000000000000005	0.6	0.25	0.3557905521956137	2.721512346959682e-05
14	0.010000000000000005	0.6	0.5	0.3173332763947828	0.00384339724009721
14	0.010000000000000005	0.6	0.125	0.21508064068812588	2.8211873957633193e-06
14	0.01870122253538597	0.6	0.25	0.6647225982737894	0.00034314111076530853
14	0.01870122253538597	0.6	0.5	0.7193911339526904	0.00012462565352042095
14	0.01870122253538597	0.6	0.125	0.6561125118516317	9.739230904875921e-06
14	0.03497357243180281	0.6	0.25	0.8487959076192587	0.006659093157253812
14	0.03497357243180281	0.6	0.5	0.845950908422419	0.00017683792037713556
14	0.03497357243180281	0.6	0.125	0.864437570598223	0.0005597110283376155
14	0.06540485609045843	0.6	0.25	0.9313710941165988	0.0017531981758841396
14	0.06540485609045843	0.6	0.5	0.9179645430044457	0.5689593489286324
14	0.06540485609045843	0.6	0.125	0.9169385248009507	0.0011737152802894424
14	0.12231507686425569	0.6	0.25	0.9605635870895273	0.46578493726322695
14	0.12231507686425569	0.6	0.5	0.9611907995994765	0.8395179928644063
14	0.12231507686425569	0.6	0.125	0.9665228894386058	0.00014357065840059352
14	0.22874414718712846	0.6	0.25	0.9790189041773699	0.8331302325237334
14	0.22874414718712846	0.6	0.5	0.978460085041643	0.9282310187192375
14	0.22874414718712846	0.6	0.125	0.9801531496845498	0.46345678594071293
14	0.4277795200213573	0.6	0.25	0.9863598007256954	0.9393628481540536
14	0.4277795200213573	0.6	0.5	0.9871942336466383	0.9671565999936335
14	0.4277795200213573	0.6	0.125	0.9878723837142787	0.8557782144330973
14	0.8	0.6	0.25	0.9889619293189528	0.9746171597957458
14	0.8	0.6	0.5	0.04254818841157346	0.042140018557557876
14	0.8	0.6	0.125	0.9904356674466976	0.9543351329642298
15	0.010000000000000005	0.6	0.25	0.13120282593517169	1.0128396988586773e-05
15	0.010000000000000005	0.6	0.5	0.22330493492517994	0.002841382510961477
15	0.010000000000000005	0.6	0.125	0.004108153626740992	0.00036792391968417407
15	0.01870122253538597	0.6	0.25	0.7050175949713031	8.681104767050285e-05
15	0.01870122253538597	0.6	0.5	0.6249885485299285	4.3594899819006046e-05
15	0.01870122253538597	0.6	0.125	0.6111987424170294	7.779053368732134e-06
15	0.03497357243180281	0.6	0.25	0.8512325762005323	0.0029542736623842567
15	0.03497357243180281	0.6	0.5	0.8405051632622653	0.0031686108480849908
15	0.03497357243180281	0.6	0.125	0.8857604355259748	9.984575115161104e-05
15	0.06540485609045843	0.6	0.25	0.9352334143247925	0.00885811623955722
15	0.06540485609045843	0.6	0.5	0.9143586579857641	0.6506902622074116
15	0.06540485609045843	0.6	0.125	0.92360936304061	0.0011700083606781854
15	0.12231507686425569	0.6	0.25	0.9597484104868065	0.46729499439728966
15	0.12231507686425569	0.6	0.5	0.9669069891753207	0.8099878203366807
15	0.12231507686425569	0.6	0.125	0.9632733959271216	0.002792746198276842
15	0.22874414718712846	0.6	0.25	0.9819152533731511	0.8557822350808058
15	0.22874414718712846	0.6	0.5	0.9783494902562327	0.9164918727299048
15	0.22874414718712846	0.6	0.125	0.9800464179669054	0.43839616638463813
15	0.4277795200213573	0.6	0.25	0.9878627162125155	0.9274907483759934
15	0.4277795200213573	0.6	0.5	0.9816035955572137	0.9690485736190507
15	0.4277795200213573	0.6	0.125	0.9867509300371492	0.8116857214111775
15	0.8	0.6	0.25	0.9866521906891154	0.9768086543978277
15	0.8	0.6	0.5	0.23726041853281776	0.23693550044325215
15	0.8	0.6	0.125	0.9878488956248737	0.9464777720165594
16	0.010000000000000005	0.6	0.25	0.13352223397012697	0.0017909030241922603
16	0.010000000000000005	0.6	0.5	0.3380897404117851	0.00029022804034644403
16	0.010000000000000005	0.6	0.125	0.04606776828617519	1.7110497732693094e-07
16	0.01870122253538597	0.6	0.25	0.6623748847237371	0.0008209307460858029
16	0.01870122253538597	0.6	0.5	0.6349852812079226	0.0032097719253976024
16	0.01870122253538597	0.6	0.125	0.6877763108853413	0.0035674896340642088
16	0.03497357243180281	0.6	0.25	0.8512665740172971	0.0013179259309515719
16	0.03497357243180281	0.6	0.5	0.8497392130449861	0.010430934732653108
16	0.03497357243180281	0.6	0.125	0.8626877549256006	0.002361302334578417
16	0.06540485609045843	0.6	0.25	0.9287700607995163	0.0026511045688424233
16	0.06540485609045843	0.6	0.5	0.9288835642202716	0.5638695848982616
16	0.06540485609045843	0.6	0.125	0.9206513723442914	2.5296391738936167e-05
16	0.12231507686425569	0.6	0.25	0.9623760979661367	0.42962116622481133
16	0.12231507686425569	0.6	0.5	0.9648515437236996	0.8102106341849626
16	0.12231507686425569	0.6	0.125	0.9666661218609396	0.031018768610603674
16	0.22874414718712846	0.6	0.25	0.9797274881999214	0.8220014392247416
16	0.22874414718712846	0.6	0.5	0.9797673195333743	0.9325498707729809
16	0.22874414718712846	0.6	0.125	0.9800869398870369	0.5047593312238484
16	0.4277795200213573	0.6	0.25	0.9876575534483484	0.9418805864916207
16	0.4277795200213573	0.6	0.5	0.9816076143718644	0.962457132737583
16	0.4277795200213573	0.6	0.125	0.9876028609538801	0.8543316810716353
16	0.8	0.6	0.25	0.9854965595940787	0.9739819987744346
16	0.8	0.6	0.5	0.014526277020853883	0.01441376449289198
16	0.8	0.6	0.125	0.9891432895896104	0.9576330025768302
17	0.010000000000000005	0.6	0.25	0.0020621705808420675	0.0017256968490585328
17	0.010000000000000005	0.6	0.5	0.20218579429778907	8.609783747627454e-05
17	0.010000000000000005	0.6	0.125	0.2759634998829525	7.435191690472827e-05
17	0.01870122253538597	0.6	0.25	0.7168245655471388	8.367810626137841e-05
17	0.01870122253538597	0.6	0.5	0.6496658058054295	0.0010377645211960898
17	0.01870122253538597	0.6	0.125	0.6946996458485042	0.001706437521471417
17	0.03497357243180281	0.6	0.25	0.8677612687656898	0.0007322067788639675
17	0.03497357243180281	0.6	0.5	0.8474900097224867	0.040114020131842155
17	0.03497357243180281	0.6	0.125	0.8688766364241655	6.682372462846602e-05
17	0.06540485609045843	0.6	0.25	0.922896736853414	0.0010862830403451159
17	0.06540485609045843	0.6	0.5	0.9188634138821252	0.6043006500970763
17	0.06540485609045843	0.6	0.125	0.9378475246301249	2.5541091850628253e-06
17	0.12231507686425569	0.6	0.25	0.9663400795039462	0.5868807914056784
17	0.12231507686425569	0.6	0.5	0.9517767838185499	0.8331052615809457
17	0.12231507686425569	0.6	0.125	0.9564492021095076	0.015024706896285841
17	0.22874414718712846	0.6	0.25	0.982050166527373	0.8234687736237368
17	0.22874414718712846	0.6	0.5	0.9794337800761673	0.9301982570003334
17	0.22874414718712846	0.6	0.125	0.9776301955400798	0.4006865400259328
17	0.4277795200213573	0.6	0.25	0.9858696396227999	0.9272244365302532
17	0.4277795200213573	0.6	0.5	0.9863145204958402	0.9669226413489289
17	0.4277795200213573	0.6	0.125	0.9887192923315413	0.8177895118763654
17	0.8	0.6	0.25	0.9865650055333993	0.9801242487715327
17	0.8	0.6	0.5	0.014644684294190606	0.014467369177014848
17	0.8	0.6	0.125	0.9894312338533156	0.9557230653617567
18	0.010000000000000005	0.6	0.25	0.31758187094682	0.002319590431469347
18	0.010000000000000005	0.6	0.5	0.11808091201739446	0.0014514636398423732
18	0.010000000000000005	0.6	0.125	0.07811121684593762	0.0001387853285044245
18	0.01870122253538597	0.6	0.25	0.6816031128950543	0.00023270805295220348
18	0.01870122253538597	0.6	0.5	0.6287063782044849	0.010193937933886505
18	0.01870122253538597	0.6	0.125	0.6770504306488666	0.0010252766873265215
18	0.03497357243180281	0.6	0.25	0.8490947452990377	6.614092457542422e-05
18	0.03497357243180281	0.6	0.5	0.8487366817804465	0.017260652586016938
18	0.03497357243180281	0.6	0.125	0.8438266976974453	0.0002926200997273684
18	0.06540485609045843	0.6	0.25	0.9321620908441027	0.0022480970125977337
18	0.06540485609045843	0.6	0.5	0.9254291989274428	0.45853954696993854
18	0.06540485609045843	0.6	0.125	0.9344115721952984	0.0037486910481041346
18	0.12231507686425569	0.6	0.25	0.966543660985222	0.5490696245289969
18	0.12231507686425569	0.6	0.5	0.9615394150676502	0.8506987637269148
18	0.12231507686425569	0.6	0.125	0.9606830633090521	0.013208701648857582
18	0.22874414718712846	0.6	0.25	0.9804650521378255	0.8371584380034063
18	0.22874414718712846	0.6	0.5	0.9797647139850836	0.9220424295253216
18	0.22874414718712846	0.6	0.125	0.980826706372522	0.3373034055488726
18	0.4277795200213573	0.6	0.25	0.9866353392315573	0.9387485269808589
18	0.4277795200213573	0.6	0.5	0.9862197878713711	0.9659086294016019
18	0.4277795200213573	0.6	0.125	0.988733136740644	0.8293075589744917
18	0.8	0.6	0.25	0.9814602106550396	0.9776612201452493
18	0.8	0.6	0.5	0.023747188762310495	0.023644967641657993
18	0.8	0.6	0.125	0.9882595377931168	0.9609532329281848
19	0.010000000000000005	0.6	0.25	0.1953702306093997	0.00011384817985560774
19	0.010000000000000005	0.6	0.5	0.03266547915325527	0.0011766463909762663
19	0.010000000000000005	0.6	0.125	0.26538337640172616	2.225849876397093e-05
19	0.01870122253538597	0.6	0.25	0.7022671200023387	6.825254721406965e-05
19	0.01870122253538597	0.6	0.5	0.6461057864370373	0.0008262285545383378
19	0.01870122253538597	0.6	0.125	0.704899202984565	7.530451797936614e-05
19	0.03497357243180281	0.6	0.25	0.8503919111255159	9.389588631803411e-05
19	0.03497357243180281	0.6	0.5	0.8485407862675048	0.018834295175734588
19	0.03497357243180281	0.6	0.125	0.8622018424869421	0.0005159848196699281
19	0.06540485609045843	0.6	0.25	0.9258232761291941	0.0006805481604850543
19	0.06540485609045843	0.6	0.5	0.9340520481814706	0.6262532009045501
19	0.06540485609045843	0.6	0.125	0.9377541653778748	0.0007818015672567762
19	0.12231507686425569	0.6	0.25	0.960392115089307	0.5342676733771967
19	0.12231507686425569	0.6	0.5	0.9594751186634678	0.8391865465877835
19	0.12231507686425569	0.6	0.125	0.9639986707166122	0.0506276436806893
19	0.22874414718712846	0.6	0.25	0.9841235923687304	0.8221925790446947
19	0.22874414718712846	0.6	0.5	0.9802140724726894	0.933425744698275
19	0.22874414718712846	0.6	0.125	0.9793943988209909	0.466515739153291
19	0.4277795200213573	0.6	0.25	0.9890232993245326	0.9368802622864302
19	0.4277795200213573	0.6	0.5	0.9828465494806278	0.9649536317307259
19	0.4277795200213573	0.6	0.125	0.9860155362103807	0.8703126084164489
19	0.8	0.6	0.25	0.9835027669504695	0.9729093105061652
19	0.8	0.6	0.5	0.005455866034804685	0.005468813001039935
19	0.8	0.6	0.125	0.9870029402508388	0.9628897260921744
20	0.010000000000000005	0.6	0.25	0.01710097104004721	0.0004555511239020342
20	0.010000000000000005	0.6	0.5	0.31236528508857686	3.304125839698908e-05
20	0.010000000000000005	0.6	0.125	0.2319860594101066	9.151740184945628e-05
20	0.01870122253538597	0.6	0.25	0.6634083247166133	0.0006145692679793636
20	0.01870122253538597	0.6	0.5	0.6527379464497998	0.004421729791182555
20	0.01870122253538597	0.6	0.125	0.6326113564844095	3.699081551015998e-06
20	0.03497357243180281	0.6	0.25	0.8483322127899754	1.933751802795224e-05
20	0.03497357243180281	0.6	0.5	0.8397445586223359	0.003539985085252832
20	0.03497357243180281	0.6	0.125	0.8538257177214591	3.644995298879205e-05
20	0.06540485609045843	0.6	0.25	0.9268444920696903	0.0009165746051984292
20	0.06540485609045843	0.6	0.5	0.9220418679493698	0.5302217942778814
20	0.06540485609045843	0.6	0.125	0.9266836463231284	0.0024964176303352197
20	0.12231507686425569	0.6	0.25	0.9628261148137859	0.48075396083840766
20	0.12231507686425569	0.6	0.5	0.9587791144851171	0.8399509585767245
20	0.12231507686425569	0.6	0.125	0.9660518087961244	0.011712299056763527
20	0.22874414718712846	0.6	0.25	0.9766809381396266	0.8207555421537746
20	0.22874414718712846	0.6	0.5	0.9797008694065987	0.9311469382414125
20	0.22874414718712846	0.6	0.125	0.9801149347475985	0.37553287494093957
20	0.4277795200213573	0.6	0.25	0.9874391484036298	0.9383732638216639
20	0.4277795200213573	0.6	0.5	0.9833864411274216	0.9621516880009926
20	0.4277795200213573	0.6	0.125	0.9880389729155149	0.8516084964364511
20	0.8	0.6	0.25	0.9864291287607952	0.975460581492585
20	0.8	0.6	0.5	0.07666885764588044	0.07647637280622632
20	0.8	0.6	0.125	0.9888502823901789	0.9560790661478621
