Rep M theta L D b2PC1 b2PC2 Fst1 Fst2
A1 5000 0.01 1000 5e+06 0.78709565365186 0.000204728708725142 0.5 0.25
A2 5000 0.01 1000 5e+06 0.773569306104244 0.00199240383116179 0.5 0.25
A3 5000 0.01 1000 5e+06 0.780393247705592 0.000468826432249714 0.5 0.25
A4 5000 0.01 1000 5e+06 0.776414682760043 0.000458691386683963 0.5 0.25
A5 5000 0.01 1000 5e+06 0.767960525460361 0.000101639032357052 0.5 0.25
A6 5000 0.01 1000 5e+06 0.771472883465238 0.00161905611240777 0.5 0.25
A7 5000 0.01 1000 5e+06 0.763284809515569 4.12758259944749e-05 0.5 0.25
A8 5000 0.01 1000 5e+06 0.766286409193049 0.000280695947952845 0.5 0.25
A9 5000 0.01 1000 5e+06 0.763620643878357 0.000397865756545734 0.5 0.25
A10 5000 0.01 1000 5e+06 0.774278369990503 0.000739859083386721 0.5 0.25
A11 5000 0.01 1000 5e+06 0.773633190284319 0.00014930884486442 0.5 0.25
A12 5000 0.01 1000 5e+06 0.770612192966255 0.000605513607421032 0.5 0.25
A13 5000 0.01 1000 5e+06 0.775172511070484 0.00220609886669854 0.5 0.25
A14 5000 0.01 1000 5e+06 0.766393489778237 8.33313490662241e-07 0.5 0.25
A15 5000 0.01 1000 5e+06 0.767184889619042 0.00105203382605981 0.5 0.25
A16 5000 0.01 1000 5e+06 0.766815819056815 0.0002708041097175 0.5 0.25
A17 5000 0.01 1000 5e+06 0.769427377739371 0.00160298475044541 0.5 0.25
A18 5000 0.01 1000 5e+06 0.764491753090207 7.67616825073342e-06 0.5 0.25
A19 5000 0.01 1000 5e+06 0.764112500590665 0.00207493632946352 0.5 0.25
A20 5000 0.01 1000 5e+06 0.771864256413859 0.00163818575019 0.5 0.25
A1 5000 0.019 1000 5e+06 0.867018537139657 4.75866993798907e-05 0.5 0.25
A2 5000 0.019 1000 5e+06 0.868781047681528 0.0013109718774343 0.5 0.25
A3 5000 0.019 1000 5e+06 0.863280260745488 0.0106223984285925 0.5 0.25
A4 5000 0.019 1000 5e+06 0.860065751518459 0.00111242960000531 0.5 0.25
A5 5000 0.019 1000 5e+06 0.866502646822987 0.00183340628577569 0.5 0.25
A6 5000 0.019 1000 5e+06 0.852219836386511 0.00863580916984973 0.5 0.25
A7 5000 0.019 1000 5e+06 0.86509325976268 0.000831336577182809 0.5 0.25
A8 5000 0.019 1000 5e+06 0.869926294048466 0.00102481695551686 0.5 0.25
A9 5000 0.019 1000 5e+06 0.862443986275369 5.13444843448131e-05 0.5 0.25
A10 5000 0.019 1000 5e+06 0.866416701443068 0.00200762285008686 0.5 0.25
A11 5000 0.019 1000 5e+06 0.854216865651264 0.00100338810100067 0.5 0.25
A12 5000 0.019 1000 5e+06 0.863934883120167 0.000938052923162753 0.5 0.25
A13 5000 0.019 1000 5e+06 0.870089369808289 0.00793216765203803 0.5 0.25
A14 5000 0.019 1000 5e+06 0.872056192051154 0.00066078094113077 0.5 0.25
A15 5000 0.019 1000 5e+06 0.873132392709528 0.00443131720911537 0.5 0.25
A16 5000 0.019 1000 5e+06 0.869281992674496 0.00304978260410242 0.5 0.25
A17 5000 0.019 1000 5e+06 0.864711305547982 1.43143514261412e-05 0.5 0.25
A18 5000 0.019 1000 5e+06 0.863111830480037 0.00527344123696804 0.5 0.25
A19 5000 0.019 1000 5e+06 0.873350450427019 0.0161430383407137 0.5 0.25
A20 5000 0.019 1000 5e+06 0.873997987217908 1.58845705219301e-05 0.5 0.25
A1 5000 0.035 1000 5e+06 0.926999462381566 0.554443871069975 0.5 0.25
A2 5000 0.035 1000 5e+06 0.921275502267961 0.637751944249803 0.5 0.25
A3 5000 0.035 1000 5e+06 0.920148160061664 0.59084861208461 0.5 0.25
A4 5000 0.035 1000 5e+06 0.923649653383631 0.636332902057586 0.5 0.25
A5 5000 0.035 1000 5e+06 0.917098411986084 0.665021378635543 0.5 0.25
A6 5000 0.035 1000 5e+06 0.92427209712662 0.642235901997425 0.5 0.25
A7 5000 0.035 1000 5e+06 0.920399660340515 0.549655410314986 0.5 0.25
A8 5000 0.035 1000 5e+06 0.9211252427913 0.639549924346782 0.5 0.25
A9 5000 0.035 1000 5e+06 0.926984155563833 0.652699317064194 0.5 0.25
A10 5000 0.035 1000 5e+06 0.922469876932696 0.473491571988339 0.5 0.25
A11 5000 0.035 1000 5e+06 0.924301100067674 0.618050737292758 0.5 0.25
A12 5000 0.035 1000 5e+06 0.920302300586874 0.600276430002577 0.5 0.25
A13 5000 0.035 1000 5e+06 0.926198865045636 0.478695095209613 0.5 0.25
A14 5000 0.035 1000 5e+06 0.919197668074647 0.639961392065052 0.5 0.25
A15 5000 0.035 1000 5e+06 0.917664421035527 0.628136246290241 0.5 0.25
A16 5000 0.035 1000 5e+06 0.920565909899453 0.642621983393201 0.5 0.25
A17 5000 0.035 1000 5e+06 0.919995319800526 0.654578206712313 0.5 0.25
A18 5000 0.035 1000 5e+06 0.923132975960768 0.526153030058624 0.5 0.25
A19 5000 0.035 1000 5e+06 0.92308596554811 0.580264799105072 0.5 0.25
A20 5000 0.035 1000 5e+06 0.916329617957721 0.611512370100232 0.5 0.25
A1 5000 0.065 1000 5e+06 0.958034256932534 0.774864331867262 0.5 0.25
A2 5000 0.065 1000 5e+06 0.955426461991628 0.782171346746443 0.5 0.25
A3 5000 0.065 1000 5e+06 0.952780231693168 0.792188334818533 0.5 0.25
A4 5000 0.065 1000 5e+06 0.955870375562901 0.772271713893375 0.5 0.25
A5 5000 0.065 1000 5e+06 0.956520522253305 0.777567284482204 0.5 0.25
A6 5000 0.065 1000 5e+06 0.956686419603242 0.776029760717851 0.5 0.25
A7 5000 0.065 1000 5e+06 0.957489334045774 0.767767523766657 0.5 0.25
A8 5000 0.065 1000 5e+06 0.957538253024345 0.767912847378425 0.5 0.25
A9 5000 0.065 1000 5e+06 0.955606751252283 0.767880655266531 0.5 0.25
A10 5000 0.065 1000 5e+06 0.959597197611903 0.768259719438508 0.5 0.25
A11 5000 0.065 1000 5e+06 0.953364296660825 0.773256120213611 0.5 0.25
A12 5000 0.065 1000 5e+06 0.953387295419534 0.773046695415515 0.5 0.25
A13 5000 0.065 1000 5e+06 0.957848039776001 0.765286331786943 0.5 0.25
A14 5000 0.065 1000 5e+06 0.954825157581594 0.791485656982332 0.5 0.25
A15 5000 0.065 1000 5e+06 0.955923051315722 0.754153218790232 0.5 0.25
A16 5000 0.065 1000 5e+06 0.955086645821136 0.747443885537085 0.5 0.25
A17 5000 0.065 1000 5e+06 0.95857176862973 0.766873506744558 0.5 0.25
A18 5000 0.065 1000 5e+06 0.955040918047302 0.769470552337772 0.5 0.25
A19 5000 0.065 1000 5e+06 0.952977520937918 0.789517907283903 0.5 0.25
A20 5000 0.065 1000 5e+06 0.956253471814176 0.7782829640813 0.5 0.25
A1 5000 0.122 1000 5e+06 0.972965977306558 0.868484587304704 0.5 0.25
A2 5000 0.122 1000 5e+06 0.971854093631293 0.85273368762802 0.5 0.25
A3 5000 0.122 1000 5e+06 0.975993128794648 0.865580467526996 0.5 0.25
A4 5000 0.122 1000 5e+06 0.975452241038124 0.860952806132229 0.5 0.25
A5 5000 0.122 1000 5e+06 0.977492000719117 0.866725184221138 0.5 0.25
A6 5000 0.122 1000 5e+06 0.97762970168577 0.875876595811243 0.5 0.25
A7 5000 0.122 1000 5e+06 0.974192004420557 0.868809007510962 0.5 0.25
A8 5000 0.122 1000 5e+06 0.975634133876675 0.867981514695128 0.5 0.25
A9 5000 0.122 1000 5e+06 0.975039769127138 0.868290877518531 0.5 0.25
A10 5000 0.122 1000 5e+06 0.972451777555854 0.864722423775038 0.5 0.25
A11 5000 0.122 1000 5e+06 0.97420868415812 0.867855385690866 0.5 0.25
A12 5000 0.122 1000 5e+06 0.978509866625846 0.862037558645553 0.5 0.25
A13 5000 0.122 1000 5e+06 0.975509126869769 0.874540596292251 0.5 0.25
A14 5000 0.122 1000 5e+06 0.975948308116453 0.856265860886027 0.5 0.25
A15 5000 0.122 1000 5e+06 0.975871898988829 0.870590912206402 0.5 0.25
A16 5000 0.122 1000 5e+06 0.975621570505305 0.864883994483256 0.5 0.25
A17 5000 0.122 1000 5e+06 0.973336661581293 0.877297634298974 0.5 0.25
A18 5000 0.122 1000 5e+06 0.974786877131608 0.870424334628819 0.5 0.25
A19 5000 0.122 1000 5e+06 0.975516099742063 0.869566301112377 0.5 0.25
A20 5000 0.122 1000 5e+06 0.976025304561556 0.855828534878159 0.5 0.25
A1 5000 0.229 1000 5e+06 0.985128087047658 0.934023511408922 0.5 0.25
A2 5000 0.229 1000 5e+06 0.985561422779236 0.931921618500703 0.5 0.25
A3 5000 0.229 1000 5e+06 0.986058724673903 0.937606719845881 0.5 0.25
A4 5000 0.229 1000 5e+06 0.984948441057636 0.924171607510334 0.5 0.25
A5 5000 0.229 1000 5e+06 0.985815424286894 0.928834668025512 0.5 0.25
A6 5000 0.229 1000 5e+06 0.985261880275596 0.92726683314487 0.5 0.25
A7 5000 0.229 1000 5e+06 0.984569217743148 0.928911073089376 0.5 0.25
A8 5000 0.229 1000 5e+06 0.985188301945457 0.932768191305229 0.5 0.25
A9 5000 0.229 1000 5e+06 0.984897682435469 0.923810988685702 0.5 0.25
A10 5000 0.229 1000 5e+06 0.984801522672214 0.926384931486723 0.5 0.25
A11 5000 0.229 1000 5e+06 0.984190644681082 0.926824493056138 0.5 0.25
A12 5000 0.229 1000 5e+06 0.98532938278425 0.926391785172899 0.5 0.25
A13 5000 0.229 1000 5e+06 0.986432213608325 0.929032682987103 0.5 0.25
A14 5000 0.229 1000 5e+06 0.984820633655521 0.931341791544355 0.5 0.25
A15 5000 0.229 1000 5e+06 0.985768157231603 0.927096681488993 0.5 0.25
A16 5000 0.229 1000 5e+06 0.985460871810228 0.929403711941611 0.5 0.25
A17 5000 0.229 1000 5e+06 0.984730527183345 0.927499878039729 0.5 0.25
A18 5000 0.229 1000 5e+06 0.985713123572974 0.925457092050431 0.5 0.25
A19 5000 0.229 1000 5e+06 0.986869219523186 0.930928717400759 0.5 0.25
A20 5000 0.229 1000 5e+06 0.986084440348542 0.925207489876486 0.5 0.25
A1 5000 0.428 1000 5e+06 0.990845477951479 0.966979452873416 0.5 0.25
A2 5000 0.428 1000 5e+06 0.990508305480816 0.962341708461585 0.5 0.25
A3 5000 0.428 1000 5e+06 0.99090128317273 0.967198678699809 0.5 0.25
A4 5000 0.428 1000 5e+06 0.990507374166159 0.968611341631326 0.5 0.25
A5 5000 0.428 1000 5e+06 0.990136394869835 0.966477212510415 0.5 0.25
A6 5000 0.428 1000 5e+06 0.990657773815417 0.963624093105171 0.5 0.25
A7 5000 0.428 1000 5e+06 0.989601957569358 0.963378367650891 0.5 0.25
A8 5000 0.428 1000 5e+06 0.985915737769869 0.965160172297066 0.5 0.25
A9 5000 0.428 1000 5e+06 0.990104476098839 0.960129361391947 0.5 0.25
A10 5000 0.428 1000 5e+06 0.990329380290354 0.965941521697603 0.5 0.25
A11 5000 0.428 1000 5e+06 0.991402708671733 0.967077432109235 0.5 0.25
A12 5000 0.428 1000 5e+06 0.990041783796124 0.965276686186007 0.5 0.25
A13 5000 0.428 1000 5e+06 0.991431412748388 0.965831939497154 0.5 0.25
A14 5000 0.428 1000 5e+06 0.991407815340747 0.965414997652027 0.5 0.25
A15 5000 0.428 1000 5e+06 0.990570381886227 0.963972274701811 0.5 0.25
A16 5000 0.428 1000 5e+06 0.990552436395109 0.966882226306767 0.5 0.25
A17 5000 0.428 1000 5e+06 0.990583465043819 0.965621270935302 0.5 0.25
A18 5000 0.428 1000 5e+06 0.990296797030904 0.961634079226763 0.5 0.25
A19 5000 0.428 1000 5e+06 0.990510276154715 0.965026477828399 0.5 0.25
A20 5000 0.428 1000 5e+06 0.98916728137033 0.963436466553244 0.5 0.25
A1 5000 0.8 1000 5e+06 0.988406906866739 0.985375559590975 0.5 0.25
A2 5000 0.8 1000 5e+06 0.989722126589377 0.985514343610576 0.5 0.25
A3 5000 0.8 1000 5e+06 0.980293842135837 0.977113598342175 0.5 0.25
A4 5000 0.8 1000 5e+06 0.989579833696677 0.98435277023868 0.5 0.25
A5 5000 0.8 1000 5e+06 0.988426899939634 0.982291074883494 0.5 0.25
A6 5000 0.8 1000 5e+06 0.985082940853395 0.980896523192107 0.5 0.25
A7 5000 0.8 1000 5e+06 0.972072500216277 0.96768237721875 0.5 0.25
A8 5000 0.8 1000 5e+06 0.988588026798768 0.984987152660713 0.5 0.25
A9 5000 0.8 1000 5e+06 0.988540996738863 0.986260542528935 0.5 0.25
A10 5000 0.8 1000 5e+06 0.986887515539474 0.982235727878999 0.5 0.25
A11 5000 0.8 1000 5e+06 0.961897128513984 0.958976058474751 0.5 0.25
A12 5000 0.8 1000 5e+06 0.98210399812842 0.977376703030692 0.5 0.25
A13 5000 0.8 1000 5e+06 0.98815287079899 0.98181622738792 0.5 0.25
A14 5000 0.8 1000 5e+06 0.949383417962461 0.947535707208669 0.5 0.25
A15 5000 0.8 1000 5e+06 0.98138898700572 0.97758994577738 0.5 0.25
A16 5000 0.8 1000 5e+06 0.973068079306982 0.969236875416182 0.5 0.25
A17 5000 0.8 1000 5e+06 0.984796888942843 0.981328529217537 0.5 0.25
A18 5000 0.8 1000 5e+06 0.968413895650919 0.964452026964379 0.5 0.25
A19 5000 0.8 1000 5e+06 0.977161672744652 0.9730883642982 0.5 0.25
A20 5000 0.8 1000 5e+06 0.988767519345861 0.985245841820504 0.5 0.25
A1 5000 0.01 1000 5e+06 0.75372895672344 0.00462393034229724 0.5 0.5
A2 5000 0.01 1000 5e+06 0.754190989531872 4.86136064150082e-05 0.5 0.5
A3 5000 0.01 1000 5e+06 0.761627745873936 0.0045050875888998 0.5 0.5
A4 5000 0.01 1000 5e+06 0.755033547721746 0.00477847862364247 0.5 0.5
A5 5000 0.01 1000 5e+06 0.750768487568668 7.79461929793855e-06 0.5 0.5
A6 5000 0.01 1000 5e+06 0.771869518157288 0.00049099482540657 0.5 0.5
A7 5000 0.01 1000 5e+06 0.741460281124116 0.0153174345890829 0.5 0.5
A8 5000 0.01 1000 5e+06 0.752563538616647 0.0184391255042631 0.5 0.5
A9 5000 0.01 1000 5e+06 0.750578723918383 0.000709162550881539 0.5 0.5
A10 5000 0.01 1000 5e+06 0.75439060421418 0.00389671297236139 0.5 0.5
A11 5000 0.01 1000 5e+06 0.756141967154371 0.0233983092795633 0.5 0.5
A12 5000 0.01 1000 5e+06 0.767805834342119 0.0307153714602016 0.5 0.5
A13 5000 0.01 1000 5e+06 0.74222646837619 0.000229595302724661 0.5 0.5
A14 5000 0.01 1000 5e+06 0.752275748412136 0.000447903422365481 0.5 0.5
A15 5000 0.01 1000 5e+06 0.761174551981527 0.0164744599367547 0.5 0.5
A16 5000 0.01 1000 5e+06 0.745698647640742 7.27079710636761e-05 0.5 0.5
A17 5000 0.01 1000 5e+06 0.747608476017175 3.77446971589696e-05 0.5 0.5
A18 5000 0.01 1000 5e+06 0.779627789546588 0.0117317492003648 0.5 0.5
A19 5000 0.01 1000 5e+06 0.757966239203865 0.0034493023920422 0.5 0.5
A20 5000 0.01 1000 5e+06 0.755581669679703 0.000101861859277284 0.5 0.5
A1 5000 0.019 1000 5e+06 0.8517326108865 0.658215113288995 0.5 0.5
A2 5000 0.019 1000 5e+06 0.853270438211304 0.682264717634183 0.5 0.5
A3 5000 0.019 1000 5e+06 0.860243211004953 0.670138249609501 0.5 0.5
A4 5000 0.019 1000 5e+06 0.860661552603952 0.675952193636866 0.5 0.5
A5 5000 0.019 1000 5e+06 0.852870352929924 0.677045668150071 0.5 0.5
A6 5000 0.019 1000 5e+06 0.866243836142515 0.642096457012482 0.5 0.5
A7 5000 0.019 1000 5e+06 0.858775320701186 0.647714719975266 0.5 0.5
A8 5000 0.019 1000 5e+06 0.866673001140184 0.656822113233329 0.5 0.5
A9 5000 0.019 1000 5e+06 0.854934854706374 0.441836717149162 0.5 0.5
A10 5000 0.019 1000 5e+06 0.850255103094079 0.678528147824853 0.5 0.5
A11 5000 0.019 1000 5e+06 0.856048373018484 0.674152343780955 0.5 0.5
A12 5000 0.019 1000 5e+06 0.853812240355902 0.655985654128381 0.5 0.5
A13 5000 0.019 1000 5e+06 0.845125323534511 0.655381442915289 0.5 0.5
A14 5000 0.019 1000 5e+06 0.855000573387672 0.673594897233309 0.5 0.5
A15 5000 0.019 1000 5e+06 0.855994530523117 0.672158005167627 0.5 0.5
A16 5000 0.019 1000 5e+06 0.865770398786528 0.678140802398353 0.5 0.5
A17 5000 0.019 1000 5e+06 0.84931096016092 0.669686028851443 0.5 0.5
A18 5000 0.019 1000 5e+06 0.85814891598643 0.671949815900411 0.5 0.5
A19 5000 0.019 1000 5e+06 0.8643841077074 0.660246038050221 0.5 0.5
A20 5000 0.019 1000 5e+06 0.857188672235838 0.65871365485339 0.5 0.5
A1 5000 0.035 1000 5e+06 0.902238874275558 0.783278520326145 0.5 0.5
A2 5000 0.035 1000 5e+06 0.919157196789912 0.791977939039634 0.5 0.5
A3 5000 0.035 1000 5e+06 0.916340409546158 0.791587029828627 0.5 0.5
A4 5000 0.035 1000 5e+06 0.913925391699815 0.801346345068874 0.5 0.5
A5 5000 0.035 1000 5e+06 0.911979968020279 0.791942616855049 0.5 0.5
A6 5000 0.035 1000 5e+06 0.917248176321305 0.789070564784939 0.5 0.5
A7 5000 0.035 1000 5e+06 0.913254772155713 0.797685150320822 0.5 0.5
A8 5000 0.035 1000 5e+06 0.913605849222226 0.790960487530282 0.5 0.5
A9 5000 0.035 1000 5e+06 0.913300252419053 0.789109443509105 0.5 0.5
A10 5000 0.035 1000 5e+06 0.924400000321807 0.787719766518205 0.5 0.5
A11 5000 0.035 1000 5e+06 0.914594622211875 0.786980483511882 0.5 0.5
A12 5000 0.035 1000 5e+06 0.916661146332934 0.777178046089418 0.5 0.5
A13 5000 0.035 1000 5e+06 0.911212460980608 0.793984818602019 0.5 0.5
A14 5000 0.035 1000 5e+06 0.914933563209369 0.785559274966067 0.5 0.5
A15 5000 0.035 1000 5e+06 0.916557923605216 0.797338669506748 0.5 0.5
A16 5000 0.035 1000 5e+06 0.908499961126727 0.777052310592496 0.5 0.5
A17 5000 0.035 1000 5e+06 0.913941782754635 0.794142047949821 0.5 0.5
A18 5000 0.035 1000 5e+06 0.917878221887401 0.801804772131048 0.5 0.5
A19 5000 0.035 1000 5e+06 0.914192049574131 0.787941371318791 0.5 0.5
A20 5000 0.035 1000 5e+06 0.917108096705834 0.775404554586543 0.5 0.5
A1 5000 0.065 1000 5e+06 0.948185322656835 0.879102269830545 0.5 0.5
A2 5000 0.065 1000 5e+06 0.95118388771673 0.866867520732605 0.5 0.5
A3 5000 0.065 1000 5e+06 0.953468615404663 0.881863615759051 0.5 0.5
A4 5000 0.065 1000 5e+06 0.951306906591159 0.871895273244749 0.5 0.5
A5 5000 0.065 1000 5e+06 0.951764703475154 0.880916127866949 0.5 0.5
A6 5000 0.065 1000 5e+06 0.950446224688043 0.874451139213544 0.5 0.5
A7 5000 0.065 1000 5e+06 0.951546879395625 0.877849054972423 0.5 0.5
A8 5000 0.065 1000 5e+06 0.953042700101195 0.877619939235881 0.5 0.5
A9 5000 0.065 1000 5e+06 0.951717573480657 0.863948091691553 0.5 0.5
A10 5000 0.065 1000 5e+06 0.94985030066912 0.876740355054498 0.5 0.5
A11 5000 0.065 1000 5e+06 0.948343516639258 0.881458770633711 0.5 0.5
A12 5000 0.065 1000 5e+06 0.949862885235311 0.871269538208228 0.5 0.5
A13 5000 0.065 1000 5e+06 0.954378827181389 0.873604662897692 0.5 0.5
A14 5000 0.065 1000 5e+06 0.950080835360799 0.879935000588907 0.5 0.5
A15 5000 0.065 1000 5e+06 0.95087234427598 0.886822273966178 0.5 0.5
A16 5000 0.065 1000 5e+06 0.953421180065952 0.882407546159645 0.5 0.5
A17 5000 0.065 1000 5e+06 0.952747806740043 0.868341081079367 0.5 0.5
A18 5000 0.065 1000 5e+06 0.953482607049708 0.862902711926418 0.5 0.5
A19 5000 0.065 1000 5e+06 0.947534421042252 0.880102791407474 0.5 0.5
A20 5000 0.065 1000 5e+06 0.953071434466326 0.873365081992612 0.5 0.5
A1 5000 0.122 1000 5e+06 0.971438193552197 0.933662781891415 0.5 0.5
A2 5000 0.122 1000 5e+06 0.972688593997219 0.927590539514121 0.5 0.5
A3 5000 0.122 1000 5e+06 0.970084629013888 0.937941066176267 0.5 0.5
A4 5000 0.122 1000 5e+06 0.967647225891965 0.924861177818182 0.5 0.5
A5 5000 0.122 1000 5e+06 0.971667158940043 0.933801238745936 0.5 0.5
A6 5000 0.122 1000 5e+06 0.973639250832754 0.930102951290608 0.5 0.5
A7 5000 0.122 1000 5e+06 0.973710718741923 0.933298653774421 0.5 0.5
A8 5000 0.122 1000 5e+06 0.970319165022313 0.926528343952732 0.5 0.5
A9 5000 0.122 1000 5e+06 0.966797614383153 0.928605311324054 0.5 0.5
A10 5000 0.122 1000 5e+06 0.973415627956481 0.934452492434108 0.5 0.5
A11 5000 0.122 1000 5e+06 0.972037189653326 0.935072314059428 0.5 0.5
A12 5000 0.122 1000 5e+06 0.971024783670039 0.928217900597159 0.5 0.5
A13 5000 0.122 1000 5e+06 0.973931595140594 0.932948127094018 0.5 0.5
A14 5000 0.122 1000 5e+06 0.972339687662526 0.930620733255768 0.5 0.5
A15 5000 0.122 1000 5e+06 0.974289098267931 0.931668317087445 0.5 0.5
A16 5000 0.122 1000 5e+06 0.969864593051559 0.929619128295763 0.5 0.5
A17 5000 0.122 1000 5e+06 0.967817572851681 0.929750404161544 0.5 0.5
A18 5000 0.122 1000 5e+06 0.972580821589032 0.92253128469877 0.5 0.5
A19 5000 0.122 1000 5e+06 0.970752788882372 0.933875139296678 0.5 0.5
A20 5000 0.122 1000 5e+06 0.974983568620343 0.927845246480121 0.5 0.5
A1 5000 0.229 1000 5e+06 0.984325684402535 0.965839478436496 0.5 0.5
A2 5000 0.229 1000 5e+06 0.981534135702347 0.958453524645134 0.5 0.5
A3 5000 0.229 1000 5e+06 0.983583242370795 0.962229398750917 0.5 0.5
A4 5000 0.229 1000 5e+06 0.977275693508726 0.956212281026895 0.5 0.5
A5 5000 0.229 1000 5e+06 0.984715005021057 0.962557951285959 0.5 0.5
A6 5000 0.229 1000 5e+06 0.983654331010462 0.963190750751038 0.5 0.5
A7 5000 0.229 1000 5e+06 0.982611650429379 0.963759455599536 0.5 0.5
A8 5000 0.229 1000 5e+06 0.983903069319039 0.964893768577301 0.5 0.5
A9 5000 0.229 1000 5e+06 0.983433700340095 0.964219125074434 0.5 0.5
A10 5000 0.229 1000 5e+06 0.983635168764312 0.962766503476708 0.5 0.5
A11 5000 0.229 1000 5e+06 0.983373162034632 0.965350819015041 0.5 0.5
A12 5000 0.229 1000 5e+06 0.983562226048004 0.964491524543537 0.5 0.5
A13 5000 0.229 1000 5e+06 0.983822728895881 0.964198981872081 0.5 0.5
A14 5000 0.229 1000 5e+06 0.983473717188394 0.963946963497344 0.5 0.5
A15 5000 0.229 1000 5e+06 0.983699781969034 0.960356051995182 0.5 0.5
A16 5000 0.229 1000 5e+06 0.97957666409804 0.960777232412279 0.5 0.5
A17 5000 0.229 1000 5e+06 0.981926760603998 0.960781720650331 0.5 0.5
A18 5000 0.229 1000 5e+06 0.979842678361891 0.958758995729744 0.5 0.5
A19 5000 0.229 1000 5e+06 0.985262305542202 0.963731136341817 0.5 0.5
A20 5000 0.229 1000 5e+06 0.984381264750898 0.964298639520749 0.5 0.5
A1 5000 0.428 1000 5e+06 0.986750453881584 0.979445086805463 0.5 0.5
A2 5000 0.428 1000 5e+06 0.988726332250306 0.981071531147548 0.5 0.5
A3 5000 0.428 1000 5e+06 0.987799886428644 0.981910002324353 0.5 0.5
A4 5000 0.428 1000 5e+06 0.988120397340341 0.980530706175118 0.5 0.5
A5 5000 0.428 1000 5e+06 0.989093275389714 0.979680805071991 0.5 0.5
A6 5000 0.428 1000 5e+06 0.990050503522282 0.981361500733171 0.5 0.5
A7 5000 0.428 1000 5e+06 0.990565846153312 0.982107236311703 0.5 0.5
A8 5000 0.428 1000 5e+06 0.989017654138754 0.981767131249397 0.5 0.5
A9 5000 0.428 1000 5e+06 0.982512536072441 0.975360791008384 0.5 0.5
A10 5000 0.428 1000 5e+06 0.98989688004805 0.981931094612537 0.5 0.5
A11 5000 0.428 1000 5e+06 0.982208751894322 0.975223752087221 0.5 0.5
A12 5000 0.428 1000 5e+06 0.984278687186636 0.97841092457614 0.5 0.5
A13 5000 0.428 1000 5e+06 0.988782096223612 0.981312371888997 0.5 0.5
A14 5000 0.428 1000 5e+06 0.971864147269466 0.965068669240478 0.5 0.5
A15 5000 0.428 1000 5e+06 0.987708034397914 0.979803881302687 0.5 0.5
A16 5000 0.428 1000 5e+06 0.988185224591583 0.982618940968876 0.5 0.5
A17 5000 0.428 1000 5e+06 0.987232606830626 0.980428436001134 0.5 0.5
A18 5000 0.428 1000 5e+06 0.989384449659851 0.982184377196519 0.5 0.5
A19 5000 0.428 1000 5e+06 0.980581613355727 0.974789929142354 0.5 0.5
A20 5000 0.428 1000 5e+06 0.98514317363177 0.978600481495852 0.5 0.5
A1 5000 0.8 1000 5e+06 0.00616058243289598 0.00637458431860551 0.5 0.5
A2 5000 0.8 1000 5e+06 0.0020293012961651 0.00189463872229029 0.5 0.5
A3 5000 0.8 1000 5e+06 0.0086158384549944 0.00884406264378319 0.5 0.5
A4 5000 0.8 1000 5e+06 0.000511913658721848 0.000587243799697558 0.5 0.5
A5 5000 0.8 1000 5e+06 2.47966770949302e-05 4.2275359325631e-05 0.5 0.5
A6 5000 0.8 1000 5e+06 0.000636112589111508 0.000558793417021093 0.5 0.5
A7 5000 0.8 1000 5e+06 0.00766709561200883 0.00793937515664682 0.5 0.5
A8 5000 0.8 1000 5e+06 5.44988849180741e-06 8.23840443646259e-07 0.5 0.5
A9 5000 0.8 1000 5e+06 4.94826812581454e-05 6.93214222731601e-05 0.5 0.5
A10 5000 0.8 1000 5e+06 0.010924285286136 0.0106514276366606 0.5 0.5
A11 5000 0.8 1000 5e+06 8.89702338562157e-05 0.000124489514806765 0.5 0.5
A12 5000 0.8 1000 5e+06 0.000779661066168966 0.000708099325688826 0.5 0.5
A13 5000 0.8 1000 5e+06 0.000842145532835471 0.000771150571853205 0.5 0.5
A14 5000 0.8 1000 5e+06 0.00556352217154857 0.00534391421961356 0.5 0.5
A15 5000 0.8 1000 5e+06 0.00965342797747136 0.00940968605943906 0.5 0.5
A16 5000 0.8 1000 5e+06 0.00263506598568927 0.00277331174509934 0.5 0.5
A17 5000 0.8 1000 5e+06 0.0203379940915701 0.0199832175538869 0.5 0.5
A18 5000 0.8 1000 5e+06 0.00153613678178535 0.00141565239317474 0.5 0.5
A19 5000 0.8 1000 5e+06 0.00677776233647989 0.00701125428445477 0.5 0.5
A20 5000 0.8 1000 5e+06 0.000113116536034931 7.79798286300269e-05 0.5 0.5
A1 5000 0.01 1000 5e+06 0.763239372965369 5.13542591735448e-05 0.5 0.125
A2 5000 0.01 1000 5e+06 0.779900974196798 9.27870387872832e-05 0.5 0.125
A3 5000 0.01 1000 5e+06 0.771237171302722 0.000206721236252226 0.5 0.125
A4 5000 0.01 1000 5e+06 0.784516666340286 0.000464723624626908 0.5 0.125
A5 5000 0.01 1000 5e+06 0.770938091892432 0.0010953978216964 0.5 0.125
A6 5000 0.01 1000 5e+06 0.78727456469951 5.43751966371015e-05 0.5 0.125
A7 5000 0.01 1000 5e+06 0.771813164614494 0.00066977651667394 0.5 0.125
A8 5000 0.01 1000 5e+06 0.774827678286245 0.000339665588351415 0.5 0.125
A9 5000 0.01 1000 5e+06 0.770953353251688 3.61534944718128e-08 0.5 0.125
A10 5000 0.01 1000 5e+06 0.806260367972906 5.91957583873656e-05 0.5 0.125
A11 5000 0.01 1000 5e+06 0.770189279741814 0.000131105607881372 0.5 0.125
A12 5000 0.01 1000 5e+06 0.782136037355279 0.000109338968338235 0.5 0.125
A13 5000 0.01 1000 5e+06 0.774842055757494 0.000260126475802602 0.5 0.125
A14 5000 0.01 1000 5e+06 0.774254198649064 0.000205139323034315 0.5 0.125
A15 5000 0.01 1000 5e+06 0.768185360545873 4.03184873941412e-05 0.5 0.125
A16 5000 0.01 1000 5e+06 0.77717338499879 0.000773801706319011 0.5 0.125
A17 5000 0.01 1000 5e+06 0.771044983154982 1.46745486837964e-06 0.5 0.125
A18 5000 0.01 1000 5e+06 0.777227041100148 0.000422379329526308 0.5 0.125
A19 5000 0.01 1000 5e+06 0.762538183160777 0.000193193886914254 0.5 0.125
A20 5000 0.01 1000 5e+06 0.780844533001547 5.36711307511725e-05 0.5 0.125
A1 5000 0.019 1000 5e+06 0.865790912496498 0.000799693785904299 0.5 0.125
A2 5000 0.019 1000 5e+06 0.875365408512848 0.00253916191067213 0.5 0.125
A3 5000 0.019 1000 5e+06 0.871204301680366 1.35387034669046e-05 0.5 0.125
A4 5000 0.019 1000 5e+06 0.864814178177799 4.97550996449722e-07 0.5 0.125
A5 5000 0.019 1000 5e+06 0.863715130744333 0.00308218070013651 0.5 0.125
A6 5000 0.019 1000 5e+06 0.866718049778342 0.00716826493206058 0.5 0.125
A7 5000 0.019 1000 5e+06 0.876515411436441 0.000265118409116643 0.5 0.125
A8 5000 0.019 1000 5e+06 0.874784901101033 0.000131299864308494 0.5 0.125
A9 5000 0.019 1000 5e+06 0.866799340207267 0.00073015511648997 0.5 0.125
A10 5000 0.019 1000 5e+06 0.880241093802852 0.00439122338176314 0.5 0.125
A11 5000 0.019 1000 5e+06 0.870407633065265 0.000234443716671334 0.5 0.125
A12 5000 0.019 1000 5e+06 0.869997862638576 0.000364060388561961 0.5 0.125
A13 5000 0.019 1000 5e+06 0.875997478626144 0.000496763541518585 0.5 0.125
A14 5000 0.019 1000 5e+06 0.858501122602405 1.14944140579114e-05 0.5 0.125
A15 5000 0.019 1000 5e+06 0.872331741952779 0.00272249239914114 0.5 0.125
A16 5000 0.019 1000 5e+06 0.860641414727525 0.00106993446894361 0.5 0.125
A17 5000 0.019 1000 5e+06 0.865279860384712 0.00144775182024796 0.5 0.125
A18 5000 0.019 1000 5e+06 0.857570540640384 0.000699735599413063 0.5 0.125
A19 5000 0.019 1000 5e+06 0.866426418434039 0.000402297513657014 0.5 0.125
A20 5000 0.019 1000 5e+06 0.876972012787637 0.00250144908105297 0.5 0.125
A1 5000 0.035 1000 5e+06 0.922399236597926 0.00134075852923994 0.5 0.125
A2 5000 0.035 1000 5e+06 0.919553702900765 0.005396801562287 0.5 0.125
A3 5000 0.035 1000 5e+06 0.9234116526268 0.00239196272592094 0.5 0.125
A4 5000 0.035 1000 5e+06 0.926611359978405 0.00407735360792054 0.5 0.125
A5 5000 0.035 1000 5e+06 0.922816801233602 0.00472175894707302 0.5 0.125
A6 5000 0.035 1000 5e+06 0.922435045654321 3.85006641690948e-05 0.5 0.125
A7 5000 0.035 1000 5e+06 0.92737046933097 0.006889448922475 0.5 0.125
A8 5000 0.035 1000 5e+06 0.922815599981154 6.68870511802342e-05 0.5 0.125
A9 5000 0.035 1000 5e+06 0.922845820973907 0.0176788529870103 0.5 0.125
A10 5000 0.035 1000 5e+06 0.927004876006272 0.0059058273636686 0.5 0.125
A11 5000 0.035 1000 5e+06 0.923755137102146 1.16625537265752e-05 0.5 0.125
A12 5000 0.035 1000 5e+06 0.924280000428201 0.00812814808125616 0.5 0.125
A13 5000 0.035 1000 5e+06 0.921605444080777 0.000966793369660091 0.5 0.125
A14 5000 0.035 1000 5e+06 0.92264244607436 0.00448328999579498 0.5 0.125
A15 5000 0.035 1000 5e+06 0.921416709196754 1.44349108041831e-05 0.5 0.125
A16 5000 0.035 1000 5e+06 0.924812356360024 5.63328201904764e-05 0.5 0.125
A17 5000 0.035 1000 5e+06 0.925323070021837 0.000120148527698004 0.5 0.125
A18 5000 0.035 1000 5e+06 0.922092463032994 0.0156030101214487 0.5 0.125
A19 5000 0.035 1000 5e+06 0.924994798812016 0.0047930341551578 0.5 0.125
A20 5000 0.035 1000 5e+06 0.925416593656803 0.000253419407705714 0.5 0.125
A1 5000 0.065 1000 5e+06 0.956060682703244 0.374238470906962 0.5 0.125
A2 5000 0.065 1000 5e+06 0.956278308885125 0.406175233527025 0.5 0.125
A3 5000 0.065 1000 5e+06 0.957788002590113 0.585555619594637 0.5 0.125
A4 5000 0.065 1000 5e+06 0.953744203957573 0.309741798563496 0.5 0.125
A5 5000 0.065 1000 5e+06 0.958010367834873 0.270056162471205 0.5 0.125
A6 5000 0.065 1000 5e+06 0.956428874816485 0.453256650467521 0.5 0.125
A7 5000 0.065 1000 5e+06 0.953924328217744 0.633616765143737 0.5 0.125
A8 5000 0.065 1000 5e+06 0.959103525906887 0.416307816975187 0.5 0.125
A9 5000 0.065 1000 5e+06 0.956436418446959 0.298623561535848 0.5 0.125
A10 5000 0.065 1000 5e+06 0.956116740880567 0.344544300724823 0.5 0.125
A11 5000 0.065 1000 5e+06 0.954992114925765 0.59310427604927 0.5 0.125
A12 5000 0.065 1000 5e+06 0.961094467655689 0.611854899581349 0.5 0.125
A13 5000 0.065 1000 5e+06 0.952461323821254 0.0145364494712493 0.5 0.125
A14 5000 0.065 1000 5e+06 0.958104677765264 0.554131055086528 0.5 0.125
A15 5000 0.065 1000 5e+06 0.958759989700442 0.553973244095884 0.5 0.125
A16 5000 0.065 1000 5e+06 0.955000353184479 0.570510132401565 0.5 0.125
A17 5000 0.065 1000 5e+06 0.953510942012747 0.632670162182633 0.5 0.125
A18 5000 0.065 1000 5e+06 0.957742559017925 0.381141571658262 0.5 0.125
A19 5000 0.065 1000 5e+06 0.954974753660865 0.224715946619279 0.5 0.125
A20 5000 0.065 1000 5e+06 0.955877732791861 0.463971982021021 0.5 0.125
A1 5000 0.122 1000 5e+06 0.975740988075361 0.783460023758081 0.5 0.125
A2 5000 0.122 1000 5e+06 0.97587858444791 0.754711109980819 0.5 0.125
A3 5000 0.122 1000 5e+06 0.97683799556945 0.75884470066659 0.5 0.125
A4 5000 0.122 1000 5e+06 0.976669140028378 0.760785533184872 0.5 0.125
A5 5000 0.122 1000 5e+06 0.976343290136529 0.766518974886227 0.5 0.125
A6 5000 0.122 1000 5e+06 0.973736516189967 0.757076089480633 0.5 0.125
A7 5000 0.122 1000 5e+06 0.977660706073755 0.784116628798437 0.5 0.125
A8 5000 0.122 1000 5e+06 0.976293183547752 0.771009142393579 0.5 0.125
A9 5000 0.122 1000 5e+06 0.975408237595657 0.755603642438952 0.5 0.125
A10 5000 0.122 1000 5e+06 0.974523625000275 0.787394343058069 0.5 0.125
A11 5000 0.122 1000 5e+06 0.975795307046256 0.774106529515977 0.5 0.125
A12 5000 0.122 1000 5e+06 0.976297106960887 0.76915644992879 0.5 0.125
A13 5000 0.122 1000 5e+06 0.975619720526546 0.762657082878297 0.5 0.125
A14 5000 0.122 1000 5e+06 0.974082232675553 0.756093122957687 0.5 0.125
A15 5000 0.122 1000 5e+06 0.975958962403577 0.750102873277597 0.5 0.125
A16 5000 0.122 1000 5e+06 0.97702938903712 0.764817775031154 0.5 0.125
A17 5000 0.122 1000 5e+06 0.976074411299922 0.767683986646119 0.5 0.125
A18 5000 0.122 1000 5e+06 0.973608684099281 0.787754412896952 0.5 0.125
A19 5000 0.122 1000 5e+06 0.974776610036753 0.766490954462602 0.5 0.125
A20 5000 0.122 1000 5e+06 0.976335462156137 0.766771439511098 0.5 0.125
A1 5000 0.229 1000 5e+06 0.985594547183901 0.865247794946551 0.5 0.125
A2 5000 0.229 1000 5e+06 0.984762469917606 0.858290065294759 0.5 0.125
A3 5000 0.229 1000 5e+06 0.986109952742731 0.871598450997102 0.5 0.125
A4 5000 0.229 1000 5e+06 0.986126288991452 0.87427600677696 0.5 0.125
A5 5000 0.229 1000 5e+06 0.985659517034907 0.868898737694414 0.5 0.125
A6 5000 0.229 1000 5e+06 0.987498661480248 0.85834379732628 0.5 0.125
A7 5000 0.229 1000 5e+06 0.985894260016311 0.867378317421641 0.5 0.125
A8 5000 0.229 1000 5e+06 0.986503854746072 0.87285180680556 0.5 0.125
A9 5000 0.229 1000 5e+06 0.987294709289175 0.856099544820265 0.5 0.125
A10 5000 0.229 1000 5e+06 0.986848441071505 0.869970367855872 0.5 0.125
A11 5000 0.229 1000 5e+06 0.987194773587833 0.8754329687421 0.5 0.125
A12 5000 0.229 1000 5e+06 0.985711244863751 0.863604156648384 0.5 0.125
A13 5000 0.229 1000 5e+06 0.986497108647521 0.878630699377231 0.5 0.125
A14 5000 0.229 1000 5e+06 0.986245006041981 0.860978523672348 0.5 0.125
A15 5000 0.229 1000 5e+06 0.986429202324884 0.862773324905275 0.5 0.125
A16 5000 0.229 1000 5e+06 0.986927701904939 0.869540683308879 0.5 0.125
A17 5000 0.229 1000 5e+06 0.985671318640863 0.872409511920541 0.5 0.125
A18 5000 0.229 1000 5e+06 0.987255116381786 0.868292243200112 0.5 0.125
A19 5000 0.229 1000 5e+06 0.984001454599418 0.860433664674422 0.5 0.125
A20 5000 0.229 1000 5e+06 0.986460888094798 0.875151906048858 0.5 0.125
A1 5000 0.428 1000 5e+06 0.991260188502193 0.934202181162839 0.5 0.125
A2 5000 0.428 1000 5e+06 0.990490997271184 0.936513151187927 0.5 0.125
A3 5000 0.428 1000 5e+06 0.990833324196035 0.935436392973524 0.5 0.125
A4 5000 0.428 1000 5e+06 0.991276857881909 0.936915583218788 0.5 0.125
A5 5000 0.428 1000 5e+06 0.990042691091451 0.937337432372689 0.5 0.125
A6 5000 0.428 1000 5e+06 0.991742311284871 0.938283308245244 0.5 0.125
A7 5000 0.428 1000 5e+06 0.990866705372673 0.938622911077439 0.5 0.125
A8 5000 0.428 1000 5e+06 0.990322703893658 0.931137352198248 0.5 0.125
A9 5000 0.428 1000 5e+06 0.990828155639757 0.929154848935582 0.5 0.125
A10 5000 0.428 1000 5e+06 0.991864272373865 0.935150640783013 0.5 0.125
A11 5000 0.428 1000 5e+06 0.991303737388996 0.921769390507916 0.5 0.125
A12 5000 0.428 1000 5e+06 0.991598208208326 0.940994942904189 0.5 0.125
A13 5000 0.428 1000 5e+06 0.991612728112901 0.938771740535329 0.5 0.125
A14 5000 0.428 1000 5e+06 0.991855142629513 0.930434013007571 0.5 0.125
A15 5000 0.428 1000 5e+06 0.991154615026672 0.934028642890027 0.5 0.125
A16 5000 0.428 1000 5e+06 0.991010898788921 0.940099523879022 0.5 0.125
A17 5000 0.428 1000 5e+06 0.991418171031989 0.933140209013864 0.5 0.125
A18 5000 0.428 1000 5e+06 0.991810499111254 0.936559348253303 0.5 0.125
A19 5000 0.428 1000 5e+06 0.992190342887351 0.929540444558432 0.5 0.125
A20 5000 0.428 1000 5e+06 0.991160606490036 0.937377797963784 0.5 0.125
A1 5000 0.8 1000 5e+06 0.988885647905906 0.973630420072022 0.5 0.125
A2 5000 0.8 1000 5e+06 0.990279349223784 0.976577406745576 0.5 0.125
A3 5000 0.8 1000 5e+06 0.990553353303476 0.973401265969156 0.5 0.125
A4 5000 0.8 1000 5e+06 0.987905620633771 0.970670549964774 0.5 0.125
A5 5000 0.8 1000 5e+06 0.990657451219974 0.974281857119504 0.5 0.125
A6 5000 0.8 1000 5e+06 0.989645299309145 0.96954888672453 0.5 0.125
A7 5000 0.8 1000 5e+06 0.990229232779769 0.973981860447575 0.5 0.125
A8 5000 0.8 1000 5e+06 0.989418265469064 0.976334742495593 0.5 0.125
A9 5000 0.8 1000 5e+06 0.987824333201517 0.975099284518793 0.5 0.125
A10 5000 0.8 1000 5e+06 0.99043109592332 0.972235904106295 0.5 0.125
A11 5000 0.8 1000 5e+06 0.988055266615576 0.971730710834644 0.5 0.125
A12 5000 0.8 1000 5e+06 0.988667543649911 0.973799162426884 0.5 0.125
A13 5000 0.8 1000 5e+06 0.990938075484803 0.974716448426043 0.5 0.125
A14 5000 0.8 1000 5e+06 0.989823637285607 0.974331851837906 0.5 0.125
A15 5000 0.8 1000 5e+06 0.990050691733386 0.974603070510105 0.5 0.125
A16 5000 0.8 1000 5e+06 0.988313219889888 0.971877306069453 0.5 0.125
A17 5000 0.8 1000 5e+06 0.990435939676952 0.970609115597339 0.5 0.125
A18 5000 0.8 1000 5e+06 0.990117950272129 0.97451568473787 0.5 0.125
A19 5000 0.8 1000 5e+06 0.990133704761664 0.972799348466375 0.5 0.125
A20 5000 0.8 1000 5e+06 0.989778459601389 0.972940634007802 0.5 0.125
